 0 -3.141592653589793
 0 -3.1169527112086968
 0 -3.0923127688276004
 0 -3.067672826446504
 0 -3.0430328840654073
 0 -3.018392941684311
 0 -2.9937529993032146
 0 -2.9691130569221182
 0 -2.944473114541022
 0 -2.9198331721599255
 0 -2.8951932297788288
 0 -2.8705532873977324
 0 -2.845913345016636
 0 -2.8212734026355397
 0 -2.7966334602544434
 0 -2.771993517873347
 0 -2.7473535754922507
 0 -2.722713633111154
 0 -2.6980736907300575
 0 -2.673433748348961
 0 -2.648793805967865
 0 -2.6241538635867685
 0 -2.599513921205672
 0 -2.5748739788245754
 0 -2.550234036443479
 0 -2.5255940940623827
 0 -2.5009541516812863
 0 -2.47631420930019
 0 -2.4516742669190936
 0 -2.4270343245379973
 0 -2.402394382156901
 0 -2.377754439775804
 0 -2.353114497394708
 0 -2.3284745550136114
 0 -2.3038346126325147
 0 -2.2791946702514183
 0 -2.254554727870322
 0 -2.2299147854892256
 0 -2.2052748431081293
 0 -2.180634900727033
 0 -2.1559949583459366
 0 -2.1313550159648402
 0 -2.106715073583744
 0 -2.0820751312026475
 0 -2.057435188821551
 0 -2.0327952464404544
 0 -2.008155304059358
 0 -1.9835153616782615
 0 -1.9588754192971651
 0 -1.9342354769160688
 0 -1.9095955345349722
 0 -1.8849555921538759
 0 -1.8603156497727793
 0 -1.835675707391683
 0 -1.8110357650105866
 0 -1.78639582262949
 0 -1.7617558802483937
 0 -1.7371159378672973
 0 -1.712475995486201
 0 -1.6878360531051047
 0 -1.6631961107240083
 0 -1.6385561683429117
 0 -1.6139162259618154
 0 -1.5892762835807188
 0 -1.5646363411996225
 0 -1.5399963988185261
 0 -1.5153564564374296
 0 -1.4907165140563332
 0 -1.4660765716752366
 0 -1.4414366292941403
 0 -1.416796686913044
 0 -1.3921567445319474
 0 -1.367516802150851
 0 -1.3428768597697547
 0 -1.3182369173886583
 0 -1.293596975007562
 0 -1.2689570326264656
 0 -1.244317090245369
 0 -1.2196771478642727
 0 -1.1950372054831762
 0 -1.1703972631020798
 0 -1.1457573207209835
 0 -1.1211173783398873
 0 -1.0964774359587905
 0 -1.0718374935776942
 0 -1.0471975511965979
 0 -1.0225576088155015
 0 -0.9979176664344052
 0 -0.9732777240533088
 0 -0.948637781672212
 0 -0.9239978392911157
 0 -0.8993578969100193
 0 -0.874717954528923
 0 -0.8500780121478266
 0 -0.8254380697667298
 0 -0.8007981273856335
 0 -0.7761581850045371
 0 -0.7515182426234408
 0 -0.7268783002423445
 0 -0.7022383578612477
 0 -0.6775984154801513
 0 -0.652958473099055
 0 -0.6283185307179586
 0 -0.6036785883368623
 0 -0.5790386459557655
 0 -0.5543987035746691
 0 -0.5297587611935728
 0 -0.5051188188124764
 0 -0.4804788764313801
 0 -0.45583893405028375
 0 -0.43119899166918696
 0 -0.4065590492880906
 0 -0.38191910690699427
 0 -0.3572791645258979
 0 -0.33263922214480157
 0 -0.3079992797637052
 0 -0.2833593373826089
 0 -0.25871939500151253
 0 -0.23407945262041618
 0 -0.20943951023931984
 0 -0.1847995678582235
 0 -0.1601596254771267
 0 -0.13551968309603035
 0 -0.110879740714934
 0 -0.08623979833383766
 0 -0.06159985595274131
 0 -0.03695991357164452
 0 -0.012319971190548173
 0 0.012319971190548173
 0 0.03695991357164452
 0 0.06159985595274087
 0 0.08623979833383766
 0 0.110879740714934
 0 0.13551968309603035
 0 0.1601596254771267
 0 0.18479956785822305
 0 0.20943951023931984
 0 0.23407945262041618
 0 0.25871939500151253
 0 0.2833593373826089
 0 0.3079992797637052
 0 0.33263922214480157
 0 0.35727916452589836
 0 0.3819191069069947
 0 0.40655904928809106
 0 0.4311989916691874
 0 0.45583893405028375
 0 0.4804788764313801
 0 0.5051188188124764
 0 0.5297587611935728
 0 0.5543987035746691
 0 0.5790386459557655
 0 0.6036785883368618
 0 0.6283185307179586
 0 0.652958473099055
 0 0.6775984154801513
 0 0.7022383578612477
 0 0.726878300242344
 0 0.7515182426234408
 0 0.7761581850045371
 0 0.8007981273856335
 0 0.8254380697667298
 0 0.8500780121478262
 0 0.874717954528923
 0 0.8993578969100184
 0 0.9239978392911148
 0 0.948637781672212
 0 0.9732777240533084
 0 0.9979176664344047
 0 1.022557608815501
 0 1.0471975511965974
 0 1.0718374935776938
 0 1.09647743595879
 0 1.1211173783398865
 0 1.1457573207209828
 0 1.1703972631020791
 0 1.1950372054831755
 0 1.2196771478642727
 0 1.244317090245369
 0 1.2689570326264654
 0 1.2935969750075618
 0 1.3182369173886581
 0 1.3428768597697545
 0 1.3675168021508508
 0 1.3921567445319472
 0 1.4167966869130435
 0 1.4414366292941398
 0 1.466076571675237
 0 1.4907165140563334
 0 1.5153564564374298
 0 1.5399963988185261
 0 1.5646363411996225
 0 1.5892762835807188
 0 1.6139162259618152
 0 1.6385561683429115
 0 1.6631961107240079
 0 1.6878360531051042
 0 1.7124759954862006
 0 1.7371159378672978
 0 1.7617558802483941
 0 1.7863958226294905
 0 1.8110357650105868
 0 1.8356757073916832
 0 1.8603156497727795
 0 1.8849555921538759
 0 1.9095955345349722
 0 1.9342354769160686
 0 1.958875419297165
 0 1.9835153616782621
 0 2.0081553040593585
 0 2.032795246440455
 0 2.057435188821551
 0 2.0820751312026475
 0 2.106715073583744
 0 2.1313550159648402
 0 2.1559949583459366
 0 2.180634900727033
 0 2.2052748431081293
 0 2.2299147854892256
 0 2.254554727870323
 0 2.279194670251419
 0 2.3038346126325155
 0 2.328474555013612
 0 2.3531144973947082
 0 2.3777544397758046
 0 2.402394382156901
 0 2.4270343245379973
 0 2.4516742669190936
 0 2.47631420930019
 0 2.5009541516812854
 0 2.5255940940623827
 0 2.550234036443479
 0 2.5748739788245754
 0 2.5995139212056717
 0 2.624153863586768
 0 2.6487938059678644
 0 2.6734337483489607
 0 2.698073690730057
 0 2.7227136331111534
 0 2.74735357549225
 0 2.771993517873346
 0 2.7966334602544434
 0 2.8212734026355397
 0 2.845913345016636
 0 2.8705532873977324
 0 2.8951932297788288
 0 2.919833172159925
 0 2.9444731145410215
 0 2.969113056922118
 0 2.993752999303214
 0 3.0183929416843105
 0 3.0430328840654077
 0 3.067672826446504
 0 3.0923127688276004
 0 3.1169527112086968
 0 3.141592653589793
 0.5235987755982988 -3.141592653589793
 0.5235987755982988 -3.1169527112086968
 0.5235987755982988 -3.0923127688276004
 0.5235987755982988 -3.067672826446504
 0.5235987755982988 -3.0430328840654073
 0.5235987755982988 -3.018392941684311
 0.5235987755982988 -2.9937529993032146
 0.5235987755982988 -2.9691130569221182
 0.5235987755982988 -2.944473114541022
 0.5235987755982988 -2.9198331721599255
 0.5235987755982988 -2.8951932297788288
 0.5235987755982988 -2.8705532873977324
 0.5235987755982988 -2.845913345016636
 0.5235987755982988 -2.8212734026355397
 0.5235987755982988 -2.7966334602544434
 0.5235987755982988 -2.771993517873347
 0.5235987755982988 -2.7473535754922507
 0.5235987755982988 -2.722713633111154
 0.5235987755982988 -2.6980736907300575
 0.5235987755982988 -2.673433748348961
 0.5235987755982988 -2.648793805967865
 0.5235987755982988 -2.6241538635867685
 0.5235987755982988 -2.599513921205672
 0.5235987755982988 -2.5748739788245754
 0.5235987755982988 -2.550234036443479
 0.5235987755982988 -2.5255940940623827
 0.5235987755982988 -2.5009541516812863
 0.5235987755982988 -2.47631420930019
 0.5235987755982988 -2.4516742669190936
 0.5235987755982988 -2.4270343245379973
 0.5235987755982988 -2.402394382156901
 0.5235987755982988 -2.377754439775804
 0.5235987755982988 -2.353114497394708
 0.5235987755982988 -2.3284745550136114
 0.5235987755982988 -2.3038346126325147
 0.5235987755982988 -2.2791946702514183
 0.5235987755982988 -2.254554727870322
 0.5235987755982988 -2.2299147854892256
 0.5235987755982988 -2.2052748431081293
 0.5235987755982988 -2.180634900727033
 0.5235987755982988 -2.1559949583459366
 0.5235987755982988 -2.1313550159648402
 0.5235987755982988 -2.106715073583744
 0.5235987755982988 -2.0820751312026475
 0.5235987755982988 -2.057435188821551
 0.5235987755982988 -2.0327952464404544
 0.5235987755982988 -2.008155304059358
 0.5235987755982988 -1.9835153616782615
 0.5235987755982988 -1.9588754192971651
 0.5235987755982988 -1.9342354769160688
 0.5235987755982988 -1.9095955345349722
 0.5235987755982988 -1.8849555921538759
 0.5235987755982988 -1.8603156497727793
 0.5235987755982988 -1.835675707391683
 0.5235987755982988 -1.8110357650105866
 0.5235987755982988 -1.78639582262949
 0.5235987755982988 -1.7617558802483937
 0.5235987755982988 -1.7371159378672973
 0.5235987755982988 -1.712475995486201
 0.5235987755982988 -1.6878360531051047
 0.5235987755982988 -1.6631961107240083
 0.5235987755982988 -1.6385561683429117
 0.5235987755982988 -1.6139162259618154
 0.5235987755982988 -1.5892762835807188
 0.5235987755982988 -1.5646363411996225
 0.5235987755982988 -1.5399963988185261
 0.5235987755982988 -1.5153564564374296
 0.5235987755982988 -1.4907165140563332
 0.5235987755982988 -1.4660765716752366
 0.5235987755982988 -1.4414366292941403
 0.5235987755982988 -1.416796686913044
 0.5235987755982988 -1.3921567445319474
 0.5235987755982988 -1.367516802150851
 0.5235987755982988 -1.3428768597697547
 0.5235987755982988 -1.3182369173886583
 0.5235987755982988 -1.293596975007562
 0.5235987755982988 -1.2689570326264656
 0.5235987755982988 -1.244317090245369
 0.5235987755982988 -1.2196771478642727
 0.5235987755982988 -1.1950372054831762
 0.5235987755982988 -1.1703972631020798
 0.5235987755982988 -1.1457573207209835
 0.5235987755982988 -1.1211173783398873
 0.5235987755982988 -1.0964774359587905
 0.5235987755982988 -1.0718374935776942
 0.5235987755982988 -1.0471975511965979
 0.5235987755982988 -1.0225576088155015
 0.5235987755982988 -0.9979176664344052
 0.5235987755982988 -0.9732777240533088
 0.5235987755982988 -0.948637781672212
 0.5235987755982988 -0.9239978392911157
 0.5235987755982988 -0.8993578969100193
 0.5235987755982988 -0.874717954528923
 0.5235987755982988 -0.8500780121478266
 0.5235987755982988 -0.8254380697667298
 0.5235987755982988 -0.8007981273856335
 0.5235987755982988 -0.7761581850045371
 0.5235987755982988 -0.7515182426234408
 0.5235987755982988 -0.7268783002423445
 0.5235987755982988 -0.7022383578612477
 0.5235987755982988 -0.6775984154801513
 0.5235987755982988 -0.652958473099055
 0.5235987755982988 -0.6283185307179586
 0.5235987755982988 -0.6036785883368623
 0.5235987755982988 -0.5790386459557655
 0.5235987755982988 -0.5543987035746691
 0.5235987755982988 -0.5297587611935728
 0.5235987755982988 -0.5051188188124764
 0.5235987755982988 -0.4804788764313801
 0.5235987755982988 -0.45583893405028375
 0.5235987755982988 -0.43119899166918696
 0.5235987755982988 -0.4065590492880906
 0.5235987755982988 -0.38191910690699427
 0.5235987755982988 -0.3572791645258979
 0.5235987755982988 -0.33263922214480157
 0.5235987755982988 -0.3079992797637052
 0.5235987755982988 -0.2833593373826089
 0.5235987755982988 -0.25871939500151253
 0.5235987755982988 -0.23407945262041618
 0.5235987755982988 -0.20943951023931984
 0.5235987755982988 -0.1847995678582235
 0.5235987755982988 -0.1601596254771267
 0.5235987755982988 -0.13551968309603035
 0.5235987755982988 -0.110879740714934
 0.5235987755982988 -0.08623979833383766
 0.5235987755982988 -0.06159985595274131
 0.5235987755982988 -0.03695991357164452
 0.5235987755982988 -0.012319971190548173
 0.5235987755982988 0.012319971190548173
 0.5235987755982988 0.03695991357164452
 0.5235987755982988 0.06159985595274087
 0.5235987755982988 0.08623979833383766
 0.5235987755982988 0.110879740714934
 0.5235987755982988 0.13551968309603035
 0.5235987755982988 0.1601596254771267
 0.5235987755982988 0.18479956785822305
 0.5235987755982988 0.20943951023931984
 0.5235987755982988 0.23407945262041618
 0.5235987755982988 0.25871939500151253
 0.5235987755982988 0.2833593373826089
 0.5235987755982988 0.3079992797637052
 0.5235987755982988 0.33263922214480157
 0.5235987755982988 0.35727916452589836
 0.5235987755982988 0.3819191069069947
 0.5235987755982988 0.40655904928809106
 0.5235987755982988 0.4311989916691874
 0.5235987755982988 0.45583893405028375
 0.5235987755982988 0.4804788764313801
 0.5235987755982988 0.5051188188124764
 0.5235987755982988 0.5297587611935728
 0.5235987755982988 0.5543987035746691
 0.5235987755982988 0.5790386459557655
 0.5235987755982988 0.6036785883368618
 0.5235987755982988 0.6283185307179586
 0.5235987755982988 0.652958473099055
 0.5235987755982988 0.6775984154801513
 0.5235987755982988 0.7022383578612477
 0.5235987755982988 0.726878300242344
 0.5235987755982988 0.7515182426234408
 0.5235987755982988 0.7761581850045371
 0.5235987755982988 0.8007981273856335
 0.5235987755982988 0.8254380697667298
 0.5235987755982988 0.8500780121478262
 0.5235987755982988 0.874717954528923
 0.5235987755982988 0.8993578969100184
 0.5235987755982988 0.9239978392911148
 0.5235987755982988 0.948637781672212
 0.5235987755982988 0.9732777240533084
 0.5235987755982988 0.9979176664344047
 0.5235987755982988 1.022557608815501
 0.5235987755982988 1.0471975511965974
 0.5235987755982988 1.0718374935776938
 0.5235987755982988 1.09647743595879
 0.5235987755982988 1.1211173783398865
 0.5235987755982988 1.1457573207209828
 0.5235987755982988 1.1703972631020791
 0.5235987755982988 1.1950372054831755
 0.5235987755982988 1.2196771478642727
 0.5235987755982988 1.244317090245369
 0.5235987755982988 1.2689570326264654
 0.5235987755982988 1.2935969750075618
 0.5235987755982988 1.3182369173886581
 0.5235987755982988 1.3428768597697545
 0.5235987755982988 1.3675168021508508
 0.5235987755982988 1.3921567445319472
 0.5235987755982988 1.4167966869130435
 0.5235987755982988 1.4414366292941398
 0.5235987755982988 1.466076571675237
 0.5235987755982988 1.4907165140563334
 0.5235987755982988 1.5153564564374298
 0.5235987755982988 1.5399963988185261
 0.5235987755982988 1.5646363411996225
 0.5235987755982988 1.5892762835807188
 0.5235987755982988 1.6139162259618152
 0.5235987755982988 1.6385561683429115
 0.5235987755982988 1.6631961107240079
 0.5235987755982988 1.6878360531051042
 0.5235987755982988 1.7124759954862006
 0.5235987755982988 1.7371159378672978
 0.5235987755982988 1.7617558802483941
 0.5235987755982988 1.7863958226294905
 0.5235987755982988 1.8110357650105868
 0.5235987755982988 1.8356757073916832
 0.5235987755982988 1.8603156497727795
 0.5235987755982988 1.8849555921538759
 0.5235987755982988 1.9095955345349722
 0.5235987755982988 1.9342354769160686
 0.5235987755982988 1.958875419297165
 0.5235987755982988 1.9835153616782621
 0.5235987755982988 2.0081553040593585
 0.5235987755982988 2.032795246440455
 0.5235987755982988 2.057435188821551
 0.5235987755982988 2.0820751312026475
 0.5235987755982988 2.106715073583744
 0.5235987755982988 2.1313550159648402
 0.5235987755982988 2.1559949583459366
 0.5235987755982988 2.180634900727033
 0.5235987755982988 2.2052748431081293
 0.5235987755982988 2.2299147854892256
 0.5235987755982988 2.254554727870323
 0.5235987755982988 2.279194670251419
 0.5235987755982988 2.3038346126325155
 0.5235987755982988 2.328474555013612
 0.5235987755982988 2.3531144973947082
 0.5235987755982988 2.3777544397758046
 0.5235987755982988 2.402394382156901
 0.5235987755982988 2.4270343245379973
 0.5235987755982988 2.4516742669190936
 0.5235987755982988 2.47631420930019
 0.5235987755982988 2.5009541516812854
 0.5235987755982988 2.5255940940623827
 0.5235987755982988 2.550234036443479
 0.5235987755982988 2.5748739788245754
 0.5235987755982988 2.5995139212056717
 0.5235987755982988 2.624153863586768
 0.5235987755982988 2.6487938059678644
 0.5235987755982988 2.6734337483489607
 0.5235987755982988 2.698073690730057
 0.5235987755982988 2.7227136331111534
 0.5235987755982988 2.74735357549225
 0.5235987755982988 2.771993517873346
 0.5235987755982988 2.7966334602544434
 0.5235987755982988 2.8212734026355397
 0.5235987755982988 2.845913345016636
 0.5235987755982988 2.8705532873977324
 0.5235987755982988 2.8951932297788288
 0.5235987755982988 2.919833172159925
 0.5235987755982988 2.9444731145410215
 0.5235987755982988 2.969113056922118
 0.5235987755982988 2.993752999303214
 0.5235987755982988 3.0183929416843105
 0.5235987755982988 3.0430328840654077
 0.5235987755982988 3.067672826446504
 0.5235987755982988 3.0923127688276004
 0.5235987755982988 3.1169527112086968
 0.5235987755982988 3.141592653589793
 1.0471975511965976 -3.141592653589793
 1.0471975511965976 -3.1169527112086968
 1.0471975511965976 -3.0923127688276004
 1.0471975511965976 -3.067672826446504
 1.0471975511965976 -3.0430328840654073
 1.0471975511965976 -3.018392941684311
 1.0471975511965976 -2.9937529993032146
 1.0471975511965976 -2.9691130569221182
 1.0471975511965976 -2.944473114541022
 1.0471975511965976 -2.9198331721599255
 1.0471975511965976 -2.8951932297788288
 1.0471975511965976 -2.8705532873977324
 1.0471975511965976 -2.845913345016636
 1.0471975511965976 -2.8212734026355397
 1.0471975511965976 -2.7966334602544434
 1.0471975511965976 -2.771993517873347
 1.0471975511965976 -2.7473535754922507
 1.0471975511965976 -2.722713633111154
 1.0471975511965976 -2.6980736907300575
 1.0471975511965976 -2.673433748348961
 1.0471975511965976 -2.648793805967865
 1.0471975511965976 -2.6241538635867685
 1.0471975511965976 -2.599513921205672
 1.0471975511965976 -2.5748739788245754
 1.0471975511965976 -2.550234036443479
 1.0471975511965976 -2.5255940940623827
 1.0471975511965976 -2.5009541516812863
 1.0471975511965976 -2.47631420930019
 1.0471975511965976 -2.4516742669190936
 1.0471975511965976 -2.4270343245379973
 1.0471975511965976 -2.402394382156901
 1.0471975511965976 -2.377754439775804
 1.0471975511965976 -2.353114497394708
 1.0471975511965976 -2.3284745550136114
 1.0471975511965976 -2.3038346126325147
 1.0471975511965976 -2.2791946702514183
 1.0471975511965976 -2.254554727870322
 1.0471975511965976 -2.2299147854892256
 1.0471975511965976 -2.2052748431081293
 1.0471975511965976 -2.180634900727033
 1.0471975511965976 -2.1559949583459366
 1.0471975511965976 -2.1313550159648402
 1.0471975511965976 -2.106715073583744
 1.0471975511965976 -2.0820751312026475
 1.0471975511965976 -2.057435188821551
 1.0471975511965976 -2.0327952464404544
 1.0471975511965976 -2.008155304059358
 1.0471975511965976 -1.9835153616782615
 1.0471975511965976 -1.9588754192971651
 1.0471975511965976 -1.9342354769160688
 1.0471975511965976 -1.9095955345349722
 1.0471975511965976 -1.8849555921538759
 1.0471975511965976 -1.8603156497727793
 1.0471975511965976 -1.835675707391683
 1.0471975511965976 -1.8110357650105866
 1.0471975511965976 -1.78639582262949
 1.0471975511965976 -1.7617558802483937
 1.0471975511965976 -1.7371159378672973
 1.0471975511965976 -1.712475995486201
 1.0471975511965976 -1.6878360531051047
 1.0471975511965976 -1.6631961107240083
 1.0471975511965976 -1.6385561683429117
 1.0471975511965976 -1.6139162259618154
 1.0471975511965976 -1.5892762835807188
 1.0471975511965976 -1.5646363411996225
 1.0471975511965976 -1.5399963988185261
 1.0471975511965976 -1.5153564564374296
 1.0471975511965976 -1.4907165140563332
 1.0471975511965976 -1.4660765716752366
 1.0471975511965976 -1.4414366292941403
 1.0471975511965976 -1.416796686913044
 1.0471975511965976 -1.3921567445319474
 1.0471975511965976 -1.367516802150851
 1.0471975511965976 -1.3428768597697547
 1.0471975511965976 -1.3182369173886583
 1.0471975511965976 -1.293596975007562
 1.0471975511965976 -1.2689570326264656
 1.0471975511965976 -1.244317090245369
 1.0471975511965976 -1.2196771478642727
 1.0471975511965976 -1.1950372054831762
 1.0471975511965976 -1.1703972631020798
 1.0471975511965976 -1.1457573207209835
 1.0471975511965976 -1.1211173783398873
 1.0471975511965976 -1.0964774359587905
 1.0471975511965976 -1.0718374935776942
 1.0471975511965976 -1.0471975511965979
 1.0471975511965976 -1.0225576088155015
 1.0471975511965976 -0.9979176664344052
 1.0471975511965976 -0.9732777240533088
 1.0471975511965976 -0.948637781672212
 1.0471975511965976 -0.9239978392911157
 1.0471975511965976 -0.8993578969100193
 1.0471975511965976 -0.874717954528923
 1.0471975511965976 -0.8500780121478266
 1.0471975511965976 -0.8254380697667298
 1.0471975511965976 -0.8007981273856335
 1.0471975511965976 -0.7761581850045371
 1.0471975511965976 -0.7515182426234408
 1.0471975511965976 -0.7268783002423445
 1.0471975511965976 -0.7022383578612477
 1.0471975511965976 -0.6775984154801513
 1.0471975511965976 -0.652958473099055
 1.0471975511965976 -0.6283185307179586
 1.0471975511965976 -0.6036785883368623
 1.0471975511965976 -0.5790386459557655
 1.0471975511965976 -0.5543987035746691
 1.0471975511965976 -0.5297587611935728
 1.0471975511965976 -0.5051188188124764
 1.0471975511965976 -0.4804788764313801
 1.0471975511965976 -0.45583893405028375
 1.0471975511965976 -0.43119899166918696
 1.0471975511965976 -0.4065590492880906
 1.0471975511965976 -0.38191910690699427
 1.0471975511965976 -0.3572791645258979
 1.0471975511965976 -0.33263922214480157
 1.0471975511965976 -0.3079992797637052
 1.0471975511965976 -0.2833593373826089
 1.0471975511965976 -0.25871939500151253
 1.0471975511965976 -0.23407945262041618
 1.0471975511965976 -0.20943951023931984
 1.0471975511965976 -0.1847995678582235
 1.0471975511965976 -0.1601596254771267
 1.0471975511965976 -0.13551968309603035
 1.0471975511965976 -0.110879740714934
 1.0471975511965976 -0.08623979833383766
 1.0471975511965976 -0.06159985595274131
 1.0471975511965976 -0.03695991357164452
 1.0471975511965976 -0.012319971190548173
 1.0471975511965976 0.012319971190548173
 1.0471975511965976 0.03695991357164452
 1.0471975511965976 0.06159985595274087
 1.0471975511965976 0.08623979833383766
 1.0471975511965976 0.110879740714934
 1.0471975511965976 0.13551968309603035
 1.0471975511965976 0.1601596254771267
 1.0471975511965976 0.18479956785822305
 1.0471975511965976 0.20943951023931984
 1.0471975511965976 0.23407945262041618
 1.0471975511965976 0.25871939500151253
 1.0471975511965976 0.2833593373826089
 1.0471975511965976 0.3079992797637052
 1.0471975511965976 0.33263922214480157
 1.0471975511965976 0.35727916452589836
 1.0471975511965976 0.3819191069069947
 1.0471975511965976 0.40655904928809106
 1.0471975511965976 0.4311989916691874
 1.0471975511965976 0.45583893405028375
 1.0471975511965976 0.4804788764313801
 1.0471975511965976 0.5051188188124764
 1.0471975511965976 0.5297587611935728
 1.0471975511965976 0.5543987035746691
 1.0471975511965976 0.5790386459557655
 1.0471975511965976 0.6036785883368618
 1.0471975511965976 0.6283185307179586
 1.0471975511965976 0.652958473099055
 1.0471975511965976 0.6775984154801513
 1.0471975511965976 0.7022383578612477
 1.0471975511965976 0.726878300242344
 1.0471975511965976 0.7515182426234408
 1.0471975511965976 0.7761581850045371
 1.0471975511965976 0.8007981273856335
 1.0471975511965976 0.8254380697667298
 1.0471975511965976 0.8500780121478262
 1.0471975511965976 0.874717954528923
 1.0471975511965976 0.8993578969100184
 1.0471975511965976 0.9239978392911148
 1.0471975511965976 0.948637781672212
 1.0471975511965976 0.9732777240533084
 1.0471975511965976 0.9979176664344047
 1.0471975511965976 1.022557608815501
 1.0471975511965976 1.0471975511965974
 1.0471975511965976 1.0718374935776938
 1.0471975511965976 1.09647743595879
 1.0471975511965976 1.1211173783398865
 1.0471975511965976 1.1457573207209828
 1.0471975511965976 1.1703972631020791
 1.0471975511965976 1.1950372054831755
 1.0471975511965976 1.2196771478642727
 1.0471975511965976 1.244317090245369
 1.0471975511965976 1.2689570326264654
 1.0471975511965976 1.2935969750075618
 1.0471975511965976 1.3182369173886581
 1.0471975511965976 1.3428768597697545
 1.0471975511965976 1.3675168021508508
 1.0471975511965976 1.3921567445319472
 1.0471975511965976 1.4167966869130435
 1.0471975511965976 1.4414366292941398
 1.0471975511965976 1.466076571675237
 1.0471975511965976 1.4907165140563334
 1.0471975511965976 1.5153564564374298
 1.0471975511965976 1.5399963988185261
 1.0471975511965976 1.5646363411996225
 1.0471975511965976 1.5892762835807188
 1.0471975511965976 1.6139162259618152
 1.0471975511965976 1.6385561683429115
 1.0471975511965976 1.6631961107240079
 1.0471975511965976 1.6878360531051042
 1.0471975511965976 1.7124759954862006
 1.0471975511965976 1.7371159378672978
 1.0471975511965976 1.7617558802483941
 1.0471975511965976 1.7863958226294905
 1.0471975511965976 1.8110357650105868
 1.0471975511965976 1.8356757073916832
 1.0471975511965976 1.8603156497727795
 1.0471975511965976 1.8849555921538759
 1.0471975511965976 1.9095955345349722
 1.0471975511965976 1.9342354769160686
 1.0471975511965976 1.958875419297165
 1.0471975511965976 1.9835153616782621
 1.0471975511965976 2.0081553040593585
 1.0471975511965976 2.032795246440455
 1.0471975511965976 2.057435188821551
 1.0471975511965976 2.0820751312026475
 1.0471975511965976 2.106715073583744
 1.0471975511965976 2.1313550159648402
 1.0471975511965976 2.1559949583459366
 1.0471975511965976 2.180634900727033
 1.0471975511965976 2.2052748431081293
 1.0471975511965976 2.2299147854892256
 1.0471975511965976 2.254554727870323
 1.0471975511965976 2.279194670251419
 1.0471975511965976 2.3038346126325155
 1.0471975511965976 2.328474555013612
 1.0471975511965976 2.3531144973947082
 1.0471975511965976 2.3777544397758046
 1.0471975511965976 2.402394382156901
 1.0471975511965976 2.4270343245379973
 1.0471975511965976 2.4516742669190936
 1.0471975511965976 2.47631420930019
 1.0471975511965976 2.5009541516812854
 1.0471975511965976 2.5255940940623827
 1.0471975511965976 2.550234036443479
 1.0471975511965976 2.5748739788245754
 1.0471975511965976 2.5995139212056717
 1.0471975511965976 2.624153863586768
 1.0471975511965976 2.6487938059678644
 1.0471975511965976 2.6734337483489607
 1.0471975511965976 2.698073690730057
 1.0471975511965976 2.7227136331111534
 1.0471975511965976 2.74735357549225
 1.0471975511965976 2.771993517873346
 1.0471975511965976 2.7966334602544434
 1.0471975511965976 2.8212734026355397
 1.0471975511965976 2.845913345016636
 1.0471975511965976 2.8705532873977324
 1.0471975511965976 2.8951932297788288
 1.0471975511965976 2.919833172159925
 1.0471975511965976 2.9444731145410215
 1.0471975511965976 2.969113056922118
 1.0471975511965976 2.993752999303214
 1.0471975511965976 3.0183929416843105
 1.0471975511965976 3.0430328840654077
 1.0471975511965976 3.067672826446504
 1.0471975511965976 3.0923127688276004
 1.0471975511965976 3.1169527112086968
 1.0471975511965976 3.141592653589793
 1.5707963267948966 -3.141592653589793
 1.5707963267948966 -3.1169527112086968
 1.5707963267948966 -3.0923127688276004
 1.5707963267948966 -3.067672826446504
 1.5707963267948966 -3.0430328840654073
 1.5707963267948966 -3.018392941684311
 1.5707963267948966 -2.9937529993032146
 1.5707963267948966 -2.9691130569221182
 1.5707963267948966 -2.944473114541022
 1.5707963267948966 -2.9198331721599255
 1.5707963267948966 -2.8951932297788288
 1.5707963267948966 -2.8705532873977324
 1.5707963267948966 -2.845913345016636
 1.5707963267948966 -2.8212734026355397
 1.5707963267948966 -2.7966334602544434
 1.5707963267948966 -2.771993517873347
 1.5707963267948966 -2.7473535754922507
 1.5707963267948966 -2.722713633111154
 1.5707963267948966 -2.6980736907300575
 1.5707963267948966 -2.673433748348961
 1.5707963267948966 -2.648793805967865
 1.5707963267948966 -2.6241538635867685
 1.5707963267948966 -2.599513921205672
 1.5707963267948966 -2.5748739788245754
 1.5707963267948966 -2.550234036443479
 1.5707963267948966 -2.5255940940623827
 1.5707963267948966 -2.5009541516812863
 1.5707963267948966 -2.47631420930019
 1.5707963267948966 -2.4516742669190936
 1.5707963267948966 -2.4270343245379973
 1.5707963267948966 -2.402394382156901
 1.5707963267948966 -2.377754439775804
 1.5707963267948966 -2.353114497394708
 1.5707963267948966 -2.3284745550136114
 1.5707963267948966 -2.3038346126325147
 1.5707963267948966 -2.2791946702514183
 1.5707963267948966 -2.254554727870322
 1.5707963267948966 -2.2299147854892256
 1.5707963267948966 -2.2052748431081293
 1.5707963267948966 -2.180634900727033
 1.5707963267948966 -2.1559949583459366
 1.5707963267948966 -2.1313550159648402
 1.5707963267948966 -2.106715073583744
 1.5707963267948966 -2.0820751312026475
 1.5707963267948966 -2.057435188821551
 1.5707963267948966 -2.0327952464404544
 1.5707963267948966 -2.008155304059358
 1.5707963267948966 -1.9835153616782615
 1.5707963267948966 -1.9588754192971651
 1.5707963267948966 -1.9342354769160688
 1.5707963267948966 -1.9095955345349722
 1.5707963267948966 -1.8849555921538759
 1.5707963267948966 -1.8603156497727793
 1.5707963267948966 -1.835675707391683
 1.5707963267948966 -1.8110357650105866
 1.5707963267948966 -1.78639582262949
 1.5707963267948966 -1.7617558802483937
 1.5707963267948966 -1.7371159378672973
 1.5707963267948966 -1.712475995486201
 1.5707963267948966 -1.6878360531051047
 1.5707963267948966 -1.6631961107240083
 1.5707963267948966 -1.6385561683429117
 1.5707963267948966 -1.6139162259618154
 1.5707963267948966 -1.5892762835807188
 1.5707963267948966 -1.5646363411996225
 1.5707963267948966 -1.5399963988185261
 1.5707963267948966 -1.5153564564374296
 1.5707963267948966 -1.4907165140563332
 1.5707963267948966 -1.4660765716752366
 1.5707963267948966 -1.4414366292941403
 1.5707963267948966 -1.416796686913044
 1.5707963267948966 -1.3921567445319474
 1.5707963267948966 -1.367516802150851
 1.5707963267948966 -1.3428768597697547
 1.5707963267948966 -1.3182369173886583
 1.5707963267948966 -1.293596975007562
 1.5707963267948966 -1.2689570326264656
 1.5707963267948966 -1.244317090245369
 1.5707963267948966 -1.2196771478642727
 1.5707963267948966 -1.1950372054831762
 1.5707963267948966 -1.1703972631020798
 1.5707963267948966 -1.1457573207209835
 1.5707963267948966 -1.1211173783398873
 1.5707963267948966 -1.0964774359587905
 1.5707963267948966 -1.0718374935776942
 1.5707963267948966 -1.0471975511965979
 1.5707963267948966 -1.0225576088155015
 1.5707963267948966 -0.9979176664344052
 1.5707963267948966 -0.9732777240533088
 1.5707963267948966 -0.948637781672212
 1.5707963267948966 -0.9239978392911157
 1.5707963267948966 -0.8993578969100193
 1.5707963267948966 -0.874717954528923
 1.5707963267948966 -0.8500780121478266
 1.5707963267948966 -0.8254380697667298
 1.5707963267948966 -0.8007981273856335
 1.5707963267948966 -0.7761581850045371
 1.5707963267948966 -0.7515182426234408
 1.5707963267948966 -0.7268783002423445
 1.5707963267948966 -0.7022383578612477
 1.5707963267948966 -0.6775984154801513
 1.5707963267948966 -0.652958473099055
 1.5707963267948966 -0.6283185307179586
 1.5707963267948966 -0.6036785883368623
 1.5707963267948966 -0.5790386459557655
 1.5707963267948966 -0.5543987035746691
 1.5707963267948966 -0.5297587611935728
 1.5707963267948966 -0.5051188188124764
 1.5707963267948966 -0.4804788764313801
 1.5707963267948966 -0.45583893405028375
 1.5707963267948966 -0.43119899166918696
 1.5707963267948966 -0.4065590492880906
 1.5707963267948966 -0.38191910690699427
 1.5707963267948966 -0.3572791645258979
 1.5707963267948966 -0.33263922214480157
 1.5707963267948966 -0.3079992797637052
 1.5707963267948966 -0.2833593373826089
 1.5707963267948966 -0.25871939500151253
 1.5707963267948966 -0.23407945262041618
 1.5707963267948966 -0.20943951023931984
 1.5707963267948966 -0.1847995678582235
 1.5707963267948966 -0.1601596254771267
 1.5707963267948966 -0.13551968309603035
 1.5707963267948966 -0.110879740714934
 1.5707963267948966 -0.08623979833383766
 1.5707963267948966 -0.06159985595274131
 1.5707963267948966 -0.03695991357164452
 1.5707963267948966 -0.012319971190548173
 1.5707963267948966 0.012319971190548173
 1.5707963267948966 0.03695991357164452
 1.5707963267948966 0.06159985595274087
 1.5707963267948966 0.08623979833383766
 1.5707963267948966 0.110879740714934
 1.5707963267948966 0.13551968309603035
 1.5707963267948966 0.1601596254771267
 1.5707963267948966 0.18479956785822305
 1.5707963267948966 0.20943951023931984
 1.5707963267948966 0.23407945262041618
 1.5707963267948966 0.25871939500151253
 1.5707963267948966 0.2833593373826089
 1.5707963267948966 0.3079992797637052
 1.5707963267948966 0.33263922214480157
 1.5707963267948966 0.35727916452589836
 1.5707963267948966 0.3819191069069947
 1.5707963267948966 0.40655904928809106
 1.5707963267948966 0.4311989916691874
 1.5707963267948966 0.45583893405028375
 1.5707963267948966 0.4804788764313801
 1.5707963267948966 0.5051188188124764
 1.5707963267948966 0.5297587611935728
 1.5707963267948966 0.5543987035746691
 1.5707963267948966 0.5790386459557655
 1.5707963267948966 0.6036785883368618
 1.5707963267948966 0.6283185307179586
 1.5707963267948966 0.652958473099055
 1.5707963267948966 0.6775984154801513
 1.5707963267948966 0.7022383578612477
 1.5707963267948966 0.726878300242344
 1.5707963267948966 0.7515182426234408
 1.5707963267948966 0.7761581850045371
 1.5707963267948966 0.8007981273856335
 1.5707963267948966 0.8254380697667298
 1.5707963267948966 0.8500780121478262
 1.5707963267948966 0.874717954528923
 1.5707963267948966 0.8993578969100184
 1.5707963267948966 0.9239978392911148
 1.5707963267948966 0.948637781672212
 1.5707963267948966 0.9732777240533084
 1.5707963267948966 0.9979176664344047
 1.5707963267948966 1.022557608815501
 1.5707963267948966 1.0471975511965974
 1.5707963267948966 1.0718374935776938
 1.5707963267948966 1.09647743595879
 1.5707963267948966 1.1211173783398865
 1.5707963267948966 1.1457573207209828
 1.5707963267948966 1.1703972631020791
 1.5707963267948966 1.1950372054831755
 1.5707963267948966 1.2196771478642727
 1.5707963267948966 1.244317090245369
 1.5707963267948966 1.2689570326264654
 1.5707963267948966 1.2935969750075618
 1.5707963267948966 1.3182369173886581
 1.5707963267948966 1.3428768597697545
 1.5707963267948966 1.3675168021508508
 1.5707963267948966 1.3921567445319472
 1.5707963267948966 1.4167966869130435
 1.5707963267948966 1.4414366292941398
 1.5707963267948966 1.466076571675237
 1.5707963267948966 1.4907165140563334
 1.5707963267948966 1.5153564564374298
 1.5707963267948966 1.5399963988185261
 1.5707963267948966 1.5646363411996225
 1.5707963267948966 1.5892762835807188
 1.5707963267948966 1.6139162259618152
 1.5707963267948966 1.6385561683429115
 1.5707963267948966 1.6631961107240079
 1.5707963267948966 1.6878360531051042
 1.5707963267948966 1.7124759954862006
 1.5707963267948966 1.7371159378672978
 1.5707963267948966 1.7617558802483941
 1.5707963267948966 1.7863958226294905
 1.5707963267948966 1.8110357650105868
 1.5707963267948966 1.8356757073916832
 1.5707963267948966 1.8603156497727795
 1.5707963267948966 1.8849555921538759
 1.5707963267948966 1.9095955345349722
 1.5707963267948966 1.9342354769160686
 1.5707963267948966 1.958875419297165
 1.5707963267948966 1.9835153616782621
 1.5707963267948966 2.0081553040593585
 1.5707963267948966 2.032795246440455
 1.5707963267948966 2.057435188821551
 1.5707963267948966 2.0820751312026475
 1.5707963267948966 2.106715073583744
 1.5707963267948966 2.1313550159648402
 1.5707963267948966 2.1559949583459366
 1.5707963267948966 2.180634900727033
 1.5707963267948966 2.2052748431081293
 1.5707963267948966 2.2299147854892256
 1.5707963267948966 2.254554727870323
 1.5707963267948966 2.279194670251419
 1.5707963267948966 2.3038346126325155
 1.5707963267948966 2.328474555013612
 1.5707963267948966 2.3531144973947082
 1.5707963267948966 2.3777544397758046
 1.5707963267948966 2.402394382156901
 1.5707963267948966 2.4270343245379973
 1.5707963267948966 2.4516742669190936
 1.5707963267948966 2.47631420930019
 1.5707963267948966 2.5009541516812854
 1.5707963267948966 2.5255940940623827
 1.5707963267948966 2.550234036443479
 1.5707963267948966 2.5748739788245754
 1.5707963267948966 2.5995139212056717
 1.5707963267948966 2.624153863586768
 1.5707963267948966 2.6487938059678644
 1.5707963267948966 2.6734337483489607
 1.5707963267948966 2.698073690730057
 1.5707963267948966 2.7227136331111534
 1.5707963267948966 2.74735357549225
 1.5707963267948966 2.771993517873346
 1.5707963267948966 2.7966334602544434
 1.5707963267948966 2.8212734026355397
 1.5707963267948966 2.845913345016636
 1.5707963267948966 2.8705532873977324
 1.5707963267948966 2.8951932297788288
 1.5707963267948966 2.919833172159925
 1.5707963267948966 2.9444731145410215
 1.5707963267948966 2.969113056922118
 1.5707963267948966 2.993752999303214
 1.5707963267948966 3.0183929416843105
 1.5707963267948966 3.0430328840654077
 1.5707963267948966 3.067672826446504
 1.5707963267948966 3.0923127688276004
 1.5707963267948966 3.1169527112086968
 1.5707963267948966 3.141592653589793
 2.0943951023931953 -3.141592653589793
 2.0943951023931953 -3.1169527112086968
 2.0943951023931953 -3.0923127688276004
 2.0943951023931953 -3.067672826446504
 2.0943951023931953 -3.0430328840654073
 2.0943951023931953 -3.018392941684311
 2.0943951023931953 -2.9937529993032146
 2.0943951023931953 -2.9691130569221182
 2.0943951023931953 -2.944473114541022
 2.0943951023931953 -2.9198331721599255
 2.0943951023931953 -2.8951932297788288
 2.0943951023931953 -2.8705532873977324
 2.0943951023931953 -2.845913345016636
 2.0943951023931953 -2.8212734026355397
 2.0943951023931953 -2.7966334602544434
 2.0943951023931953 -2.771993517873347
 2.0943951023931953 -2.7473535754922507
 2.0943951023931953 -2.722713633111154
 2.0943951023931953 -2.6980736907300575
 2.0943951023931953 -2.673433748348961
 2.0943951023931953 -2.648793805967865
 2.0943951023931953 -2.6241538635867685
 2.0943951023931953 -2.599513921205672
 2.0943951023931953 -2.5748739788245754
 2.0943951023931953 -2.550234036443479
 2.0943951023931953 -2.5255940940623827
 2.0943951023931953 -2.5009541516812863
 2.0943951023931953 -2.47631420930019
 2.0943951023931953 -2.4516742669190936
 2.0943951023931953 -2.4270343245379973
 2.0943951023931953 -2.402394382156901
 2.0943951023931953 -2.377754439775804
 2.0943951023931953 -2.353114497394708
 2.0943951023931953 -2.3284745550136114
 2.0943951023931953 -2.3038346126325147
 2.0943951023931953 -2.2791946702514183
 2.0943951023931953 -2.254554727870322
 2.0943951023931953 -2.2299147854892256
 2.0943951023931953 -2.2052748431081293
 2.0943951023931953 -2.180634900727033
 2.0943951023931953 -2.1559949583459366
 2.0943951023931953 -2.1313550159648402
 2.0943951023931953 -2.106715073583744
 2.0943951023931953 -2.0820751312026475
 2.0943951023931953 -2.057435188821551
 2.0943951023931953 -2.0327952464404544
 2.0943951023931953 -2.008155304059358
 2.0943951023931953 -1.9835153616782615
 2.0943951023931953 -1.9588754192971651
 2.0943951023931953 -1.9342354769160688
 2.0943951023931953 -1.9095955345349722
 2.0943951023931953 -1.8849555921538759
 2.0943951023931953 -1.8603156497727793
 2.0943951023931953 -1.835675707391683
 2.0943951023931953 -1.8110357650105866
 2.0943951023931953 -1.78639582262949
 2.0943951023931953 -1.7617558802483937
 2.0943951023931953 -1.7371159378672973
 2.0943951023931953 -1.712475995486201
 2.0943951023931953 -1.6878360531051047
 2.0943951023931953 -1.6631961107240083
 2.0943951023931953 -1.6385561683429117
 2.0943951023931953 -1.6139162259618154
 2.0943951023931953 -1.5892762835807188
 2.0943951023931953 -1.5646363411996225
 2.0943951023931953 -1.5399963988185261
 2.0943951023931953 -1.5153564564374296
 2.0943951023931953 -1.4907165140563332
 2.0943951023931953 -1.4660765716752366
 2.0943951023931953 -1.4414366292941403
 2.0943951023931953 -1.416796686913044
 2.0943951023931953 -1.3921567445319474
 2.0943951023931953 -1.367516802150851
 2.0943951023931953 -1.3428768597697547
 2.0943951023931953 -1.3182369173886583
 2.0943951023931953 -1.293596975007562
 2.0943951023931953 -1.2689570326264656
 2.0943951023931953 -1.244317090245369
 2.0943951023931953 -1.2196771478642727
 2.0943951023931953 -1.1950372054831762
 2.0943951023931953 -1.1703972631020798
 2.0943951023931953 -1.1457573207209835
 2.0943951023931953 -1.1211173783398873
 2.0943951023931953 -1.0964774359587905
 2.0943951023931953 -1.0718374935776942
 2.0943951023931953 -1.0471975511965979
 2.0943951023931953 -1.0225576088155015
 2.0943951023931953 -0.9979176664344052
 2.0943951023931953 -0.9732777240533088
 2.0943951023931953 -0.948637781672212
 2.0943951023931953 -0.9239978392911157
 2.0943951023931953 -0.8993578969100193
 2.0943951023931953 -0.874717954528923
 2.0943951023931953 -0.8500780121478266
 2.0943951023931953 -0.8254380697667298
 2.0943951023931953 -0.8007981273856335
 2.0943951023931953 -0.7761581850045371
 2.0943951023931953 -0.7515182426234408
 2.0943951023931953 -0.7268783002423445
 2.0943951023931953 -0.7022383578612477
 2.0943951023931953 -0.6775984154801513
 2.0943951023931953 -0.652958473099055
 2.0943951023931953 -0.6283185307179586
 2.0943951023931953 -0.6036785883368623
 2.0943951023931953 -0.5790386459557655
 2.0943951023931953 -0.5543987035746691
 2.0943951023931953 -0.5297587611935728
 2.0943951023931953 -0.5051188188124764
 2.0943951023931953 -0.4804788764313801
 2.0943951023931953 -0.45583893405028375
 2.0943951023931953 -0.43119899166918696
 2.0943951023931953 -0.4065590492880906
 2.0943951023931953 -0.38191910690699427
 2.0943951023931953 -0.3572791645258979
 2.0943951023931953 -0.33263922214480157
 2.0943951023931953 -0.3079992797637052
 2.0943951023931953 -0.2833593373826089
 2.0943951023931953 -0.25871939500151253
 2.0943951023931953 -0.23407945262041618
 2.0943951023931953 -0.20943951023931984
 2.0943951023931953 -0.1847995678582235
 2.0943951023931953 -0.1601596254771267
 2.0943951023931953 -0.13551968309603035
 2.0943951023931953 -0.110879740714934
 2.0943951023931953 -0.08623979833383766
 2.0943951023931953 -0.06159985595274131
 2.0943951023931953 -0.03695991357164452
 2.0943951023931953 -0.012319971190548173
 2.0943951023931953 0.012319971190548173
 2.0943951023931953 0.03695991357164452
 2.0943951023931953 0.06159985595274087
 2.0943951023931953 0.08623979833383766
 2.0943951023931953 0.110879740714934
 2.0943951023931953 0.13551968309603035
 2.0943951023931953 0.1601596254771267
 2.0943951023931953 0.18479956785822305
 2.0943951023931953 0.20943951023931984
 2.0943951023931953 0.23407945262041618
 2.0943951023931953 0.25871939500151253
 2.0943951023931953 0.2833593373826089
 2.0943951023931953 0.3079992797637052
 2.0943951023931953 0.33263922214480157
 2.0943951023931953 0.35727916452589836
 2.0943951023931953 0.3819191069069947
 2.0943951023931953 0.40655904928809106
 2.0943951023931953 0.4311989916691874
 2.0943951023931953 0.45583893405028375
 2.0943951023931953 0.4804788764313801
 2.0943951023931953 0.5051188188124764
 2.0943951023931953 0.5297587611935728
 2.0943951023931953 0.5543987035746691
 2.0943951023931953 0.5790386459557655
 2.0943951023931953 0.6036785883368618
 2.0943951023931953 0.6283185307179586
 2.0943951023931953 0.652958473099055
 2.0943951023931953 0.6775984154801513
 2.0943951023931953 0.7022383578612477
 2.0943951023931953 0.726878300242344
 2.0943951023931953 0.7515182426234408
 2.0943951023931953 0.7761581850045371
 2.0943951023931953 0.8007981273856335
 2.0943951023931953 0.8254380697667298
 2.0943951023931953 0.8500780121478262
 2.0943951023931953 0.874717954528923
 2.0943951023931953 0.8993578969100184
 2.0943951023931953 0.9239978392911148
 2.0943951023931953 0.948637781672212
 2.0943951023931953 0.9732777240533084
 2.0943951023931953 0.9979176664344047
 2.0943951023931953 1.022557608815501
 2.0943951023931953 1.0471975511965974
 2.0943951023931953 1.0718374935776938
 2.0943951023931953 1.09647743595879
 2.0943951023931953 1.1211173783398865
 2.0943951023931953 1.1457573207209828
 2.0943951023931953 1.1703972631020791
 2.0943951023931953 1.1950372054831755
 2.0943951023931953 1.2196771478642727
 2.0943951023931953 1.244317090245369
 2.0943951023931953 1.2689570326264654
 2.0943951023931953 1.2935969750075618
 2.0943951023931953 1.3182369173886581
 2.0943951023931953 1.3428768597697545
 2.0943951023931953 1.3675168021508508
 2.0943951023931953 1.3921567445319472
 2.0943951023931953 1.4167966869130435
 2.0943951023931953 1.4414366292941398
 2.0943951023931953 1.466076571675237
 2.0943951023931953 1.4907165140563334
 2.0943951023931953 1.5153564564374298
 2.0943951023931953 1.5399963988185261
 2.0943951023931953 1.5646363411996225
 2.0943951023931953 1.5892762835807188
 2.0943951023931953 1.6139162259618152
 2.0943951023931953 1.6385561683429115
 2.0943951023931953 1.6631961107240079
 2.0943951023931953 1.6878360531051042
 2.0943951023931953 1.7124759954862006
 2.0943951023931953 1.7371159378672978
 2.0943951023931953 1.7617558802483941
 2.0943951023931953 1.7863958226294905
 2.0943951023931953 1.8110357650105868
 2.0943951023931953 1.8356757073916832
 2.0943951023931953 1.8603156497727795
 2.0943951023931953 1.8849555921538759
 2.0943951023931953 1.9095955345349722
 2.0943951023931953 1.9342354769160686
 2.0943951023931953 1.958875419297165
 2.0943951023931953 1.9835153616782621
 2.0943951023931953 2.0081553040593585
 2.0943951023931953 2.032795246440455
 2.0943951023931953 2.057435188821551
 2.0943951023931953 2.0820751312026475
 2.0943951023931953 2.106715073583744
 2.0943951023931953 2.1313550159648402
 2.0943951023931953 2.1559949583459366
 2.0943951023931953 2.180634900727033
 2.0943951023931953 2.2052748431081293
 2.0943951023931953 2.2299147854892256
 2.0943951023931953 2.254554727870323
 2.0943951023931953 2.279194670251419
 2.0943951023931953 2.3038346126325155
 2.0943951023931953 2.328474555013612
 2.0943951023931953 2.3531144973947082
 2.0943951023931953 2.3777544397758046
 2.0943951023931953 2.402394382156901
 2.0943951023931953 2.4270343245379973
 2.0943951023931953 2.4516742669190936
 2.0943951023931953 2.47631420930019
 2.0943951023931953 2.5009541516812854
 2.0943951023931953 2.5255940940623827
 2.0943951023931953 2.550234036443479
 2.0943951023931953 2.5748739788245754
 2.0943951023931953 2.5995139212056717
 2.0943951023931953 2.624153863586768
 2.0943951023931953 2.6487938059678644
 2.0943951023931953 2.6734337483489607
 2.0943951023931953 2.698073690730057
 2.0943951023931953 2.7227136331111534
 2.0943951023931953 2.74735357549225
 2.0943951023931953 2.771993517873346
 2.0943951023931953 2.7966334602544434
 2.0943951023931953 2.8212734026355397
 2.0943951023931953 2.845913345016636
 2.0943951023931953 2.8705532873977324
 2.0943951023931953 2.8951932297788288
 2.0943951023931953 2.919833172159925
 2.0943951023931953 2.9444731145410215
 2.0943951023931953 2.969113056922118
 2.0943951023931953 2.993752999303214
 2.0943951023931953 3.0183929416843105
 2.0943951023931953 3.0430328840654077
 2.0943951023931953 3.067672826446504
 2.0943951023931953 3.0923127688276004
 2.0943951023931953 3.1169527112086968
 2.0943951023931953 3.141592653589793
 2.617993877991494 -3.141592653589793
 2.617993877991494 -3.1169527112086968
 2.617993877991494 -3.0923127688276004
 2.617993877991494 -3.067672826446504
 2.617993877991494 -3.0430328840654073
 2.617993877991494 -3.018392941684311
 2.617993877991494 -2.9937529993032146
 2.617993877991494 -2.9691130569221182
 2.617993877991494 -2.944473114541022
 2.617993877991494 -2.9198331721599255
 2.617993877991494 -2.8951932297788288
 2.617993877991494 -2.8705532873977324
 2.617993877991494 -2.845913345016636
 2.617993877991494 -2.8212734026355397
 2.617993877991494 -2.7966334602544434
 2.617993877991494 -2.771993517873347
 2.617993877991494 -2.7473535754922507
 2.617993877991494 -2.722713633111154
 2.617993877991494 -2.6980736907300575
 2.617993877991494 -2.673433748348961
 2.617993877991494 -2.648793805967865
 2.617993877991494 -2.6241538635867685
 2.617993877991494 -2.599513921205672
 2.617993877991494 -2.5748739788245754
 2.617993877991494 -2.550234036443479
 2.617993877991494 -2.5255940940623827
 2.617993877991494 -2.5009541516812863
 2.617993877991494 -2.47631420930019
 2.617993877991494 -2.4516742669190936
 2.617993877991494 -2.4270343245379973
 2.617993877991494 -2.402394382156901
 2.617993877991494 -2.377754439775804
 2.617993877991494 -2.353114497394708
 2.617993877991494 -2.3284745550136114
 2.617993877991494 -2.3038346126325147
 2.617993877991494 -2.2791946702514183
 2.617993877991494 -2.254554727870322
 2.617993877991494 -2.2299147854892256
 2.617993877991494 -2.2052748431081293
 2.617993877991494 -2.180634900727033
 2.617993877991494 -2.1559949583459366
 2.617993877991494 -2.1313550159648402
 2.617993877991494 -2.106715073583744
 2.617993877991494 -2.0820751312026475
 2.617993877991494 -2.057435188821551
 2.617993877991494 -2.0327952464404544
 2.617993877991494 -2.008155304059358
 2.617993877991494 -1.9835153616782615
 2.617993877991494 -1.9588754192971651
 2.617993877991494 -1.9342354769160688
 2.617993877991494 -1.9095955345349722
 2.617993877991494 -1.8849555921538759
 2.617993877991494 -1.8603156497727793
 2.617993877991494 -1.835675707391683
 2.617993877991494 -1.8110357650105866
 2.617993877991494 -1.78639582262949
 2.617993877991494 -1.7617558802483937
 2.617993877991494 -1.7371159378672973
 2.617993877991494 -1.712475995486201
 2.617993877991494 -1.6878360531051047
 2.617993877991494 -1.6631961107240083
 2.617993877991494 -1.6385561683429117
 2.617993877991494 -1.6139162259618154
 2.617993877991494 -1.5892762835807188
 2.617993877991494 -1.5646363411996225
 2.617993877991494 -1.5399963988185261
 2.617993877991494 -1.5153564564374296
 2.617993877991494 -1.4907165140563332
 2.617993877991494 -1.4660765716752366
 2.617993877991494 -1.4414366292941403
 2.617993877991494 -1.416796686913044
 2.617993877991494 -1.3921567445319474
 2.617993877991494 -1.367516802150851
 2.617993877991494 -1.3428768597697547
 2.617993877991494 -1.3182369173886583
 2.617993877991494 -1.293596975007562
 2.617993877991494 -1.2689570326264656
 2.617993877991494 -1.244317090245369
 2.617993877991494 -1.2196771478642727
 2.617993877991494 -1.1950372054831762
 2.617993877991494 -1.1703972631020798
 2.617993877991494 -1.1457573207209835
 2.617993877991494 -1.1211173783398873
 2.617993877991494 -1.0964774359587905
 2.617993877991494 -1.0718374935776942
 2.617993877991494 -1.0471975511965979
 2.617993877991494 -1.0225576088155015
 2.617993877991494 -0.9979176664344052
 2.617993877991494 -0.9732777240533088
 2.617993877991494 -0.948637781672212
 2.617993877991494 -0.9239978392911157
 2.617993877991494 -0.8993578969100193
 2.617993877991494 -0.874717954528923
 2.617993877991494 -0.8500780121478266
 2.617993877991494 -0.8254380697667298
 2.617993877991494 -0.8007981273856335
 2.617993877991494 -0.7761581850045371
 2.617993877991494 -0.7515182426234408
 2.617993877991494 -0.7268783002423445
 2.617993877991494 -0.7022383578612477
 2.617993877991494 -0.6775984154801513
 2.617993877991494 -0.652958473099055
 2.617993877991494 -0.6283185307179586
 2.617993877991494 -0.6036785883368623
 2.617993877991494 -0.5790386459557655
 2.617993877991494 -0.5543987035746691
 2.617993877991494 -0.5297587611935728
 2.617993877991494 -0.5051188188124764
 2.617993877991494 -0.4804788764313801
 2.617993877991494 -0.45583893405028375
 2.617993877991494 -0.43119899166918696
 2.617993877991494 -0.4065590492880906
 2.617993877991494 -0.38191910690699427
 2.617993877991494 -0.3572791645258979
 2.617993877991494 -0.33263922214480157
 2.617993877991494 -0.3079992797637052
 2.617993877991494 -0.2833593373826089
 2.617993877991494 -0.25871939500151253
 2.617993877991494 -0.23407945262041618
 2.617993877991494 -0.20943951023931984
 2.617993877991494 -0.1847995678582235
 2.617993877991494 -0.1601596254771267
 2.617993877991494 -0.13551968309603035
 2.617993877991494 -0.110879740714934
 2.617993877991494 -0.08623979833383766
 2.617993877991494 -0.06159985595274131
 2.617993877991494 -0.03695991357164452
 2.617993877991494 -0.012319971190548173
 2.617993877991494 0.012319971190548173
 2.617993877991494 0.03695991357164452
 2.617993877991494 0.06159985595274087
 2.617993877991494 0.08623979833383766
 2.617993877991494 0.110879740714934
 2.617993877991494 0.13551968309603035
 2.617993877991494 0.1601596254771267
 2.617993877991494 0.18479956785822305
 2.617993877991494 0.20943951023931984
 2.617993877991494 0.23407945262041618
 2.617993877991494 0.25871939500151253
 2.617993877991494 0.2833593373826089
 2.617993877991494 0.3079992797637052
 2.617993877991494 0.33263922214480157
 2.617993877991494 0.35727916452589836
 2.617993877991494 0.3819191069069947
 2.617993877991494 0.40655904928809106
 2.617993877991494 0.4311989916691874
 2.617993877991494 0.45583893405028375
 2.617993877991494 0.4804788764313801
 2.617993877991494 0.5051188188124764
 2.617993877991494 0.5297587611935728
 2.617993877991494 0.5543987035746691
 2.617993877991494 0.5790386459557655
 2.617993877991494 0.6036785883368618
 2.617993877991494 0.6283185307179586
 2.617993877991494 0.652958473099055
 2.617993877991494 0.6775984154801513
 2.617993877991494 0.7022383578612477
 2.617993877991494 0.726878300242344
 2.617993877991494 0.7515182426234408
 2.617993877991494 0.7761581850045371
 2.617993877991494 0.8007981273856335
 2.617993877991494 0.8254380697667298
 2.617993877991494 0.8500780121478262
 2.617993877991494 0.874717954528923
 2.617993877991494 0.8993578969100184
 2.617993877991494 0.9239978392911148
 2.617993877991494 0.948637781672212
 2.617993877991494 0.9732777240533084
 2.617993877991494 0.9979176664344047
 2.617993877991494 1.022557608815501
 2.617993877991494 1.0471975511965974
 2.617993877991494 1.0718374935776938
 2.617993877991494 1.09647743595879
 2.617993877991494 1.1211173783398865
 2.617993877991494 1.1457573207209828
 2.617993877991494 1.1703972631020791
 2.617993877991494 1.1950372054831755
 2.617993877991494 1.2196771478642727
 2.617993877991494 1.244317090245369
 2.617993877991494 1.2689570326264654
 2.617993877991494 1.2935969750075618
 2.617993877991494 1.3182369173886581
 2.617993877991494 1.3428768597697545
 2.617993877991494 1.3675168021508508
 2.617993877991494 1.3921567445319472
 2.617993877991494 1.4167966869130435
 2.617993877991494 1.4414366292941398
 2.617993877991494 1.466076571675237
 2.617993877991494 1.4907165140563334
 2.617993877991494 1.5153564564374298
 2.617993877991494 1.5399963988185261
 2.617993877991494 1.5646363411996225
 2.617993877991494 1.5892762835807188
 2.617993877991494 1.6139162259618152
 2.617993877991494 1.6385561683429115
 2.617993877991494 1.6631961107240079
 2.617993877991494 1.6878360531051042
 2.617993877991494 1.7124759954862006
 2.617993877991494 1.7371159378672978
 2.617993877991494 1.7617558802483941
 2.617993877991494 1.7863958226294905
 2.617993877991494 1.8110357650105868
 2.617993877991494 1.8356757073916832
 2.617993877991494 1.8603156497727795
 2.617993877991494 1.8849555921538759
 2.617993877991494 1.9095955345349722
 2.617993877991494 1.9342354769160686
 2.617993877991494 1.958875419297165
 2.617993877991494 1.9835153616782621
 2.617993877991494 2.0081553040593585
 2.617993877991494 2.032795246440455
 2.617993877991494 2.057435188821551
 2.617993877991494 2.0820751312026475
 2.617993877991494 2.106715073583744
 2.617993877991494 2.1313550159648402
 2.617993877991494 2.1559949583459366
 2.617993877991494 2.180634900727033
 2.617993877991494 2.2052748431081293
 2.617993877991494 2.2299147854892256
 2.617993877991494 2.254554727870323
 2.617993877991494 2.279194670251419
 2.617993877991494 2.3038346126325155
 2.617993877991494 2.328474555013612
 2.617993877991494 2.3531144973947082
 2.617993877991494 2.3777544397758046
 2.617993877991494 2.402394382156901
 2.617993877991494 2.4270343245379973
 2.617993877991494 2.4516742669190936
 2.617993877991494 2.47631420930019
 2.617993877991494 2.5009541516812854
 2.617993877991494 2.5255940940623827
 2.617993877991494 2.550234036443479
 2.617993877991494 2.5748739788245754
 2.617993877991494 2.5995139212056717
 2.617993877991494 2.624153863586768
 2.617993877991494 2.6487938059678644
 2.617993877991494 2.6734337483489607
 2.617993877991494 2.698073690730057
 2.617993877991494 2.7227136331111534
 2.617993877991494 2.74735357549225
 2.617993877991494 2.771993517873346
 2.617993877991494 2.7966334602544434
 2.617993877991494 2.8212734026355397
 2.617993877991494 2.845913345016636
 2.617993877991494 2.8705532873977324
 2.617993877991494 2.8951932297788288
 2.617993877991494 2.919833172159925
 2.617993877991494 2.9444731145410215
 2.617993877991494 2.969113056922118
 2.617993877991494 2.993752999303214
 2.617993877991494 3.0183929416843105
 2.617993877991494 3.0430328840654077
 2.617993877991494 3.067672826446504
 2.617993877991494 3.0923127688276004
 2.617993877991494 3.1169527112086968
 2.617993877991494 3.141592653589793
 3.1415926535897927 -3.141592653589793
 3.1415926535897927 -3.1169527112086968
 3.1415926535897927 -3.0923127688276004
 3.1415926535897927 -3.067672826446504
 3.1415926535897927 -3.0430328840654073
 3.1415926535897927 -3.018392941684311
 3.1415926535897927 -2.9937529993032146
 3.1415926535897927 -2.9691130569221182
 3.1415926535897927 -2.944473114541022
 3.1415926535897927 -2.9198331721599255
 3.1415926535897927 -2.8951932297788288
 3.1415926535897927 -2.8705532873977324
 3.1415926535897927 -2.845913345016636
 3.1415926535897927 -2.8212734026355397
 3.1415926535897927 -2.7966334602544434
 3.1415926535897927 -2.771993517873347
 3.1415926535897927 -2.7473535754922507
 3.1415926535897927 -2.722713633111154
 3.1415926535897927 -2.6980736907300575
 3.1415926535897927 -2.673433748348961
 3.1415926535897927 -2.648793805967865
 3.1415926535897927 -2.6241538635867685
 3.1415926535897927 -2.599513921205672
 3.1415926535897927 -2.5748739788245754
 3.1415926535897927 -2.550234036443479
 3.1415926535897927 -2.5255940940623827
 3.1415926535897927 -2.5009541516812863
 3.1415926535897927 -2.47631420930019
 3.1415926535897927 -2.4516742669190936
 3.1415926535897927 -2.4270343245379973
 3.1415926535897927 -2.402394382156901
 3.1415926535897927 -2.377754439775804
 3.1415926535897927 -2.353114497394708
 3.1415926535897927 -2.3284745550136114
 3.1415926535897927 -2.3038346126325147
 3.1415926535897927 -2.2791946702514183
 3.1415926535897927 -2.254554727870322
 3.1415926535897927 -2.2299147854892256
 3.1415926535897927 -2.2052748431081293
 3.1415926535897927 -2.180634900727033
 3.1415926535897927 -2.1559949583459366
 3.1415926535897927 -2.1313550159648402
 3.1415926535897927 -2.106715073583744
 3.1415926535897927 -2.0820751312026475
 3.1415926535897927 -2.057435188821551
 3.1415926535897927 -2.0327952464404544
 3.1415926535897927 -2.008155304059358
 3.1415926535897927 -1.9835153616782615
 3.1415926535897927 -1.9588754192971651
 3.1415926535897927 -1.9342354769160688
 3.1415926535897927 -1.9095955345349722
 3.1415926535897927 -1.8849555921538759
 3.1415926535897927 -1.8603156497727793
 3.1415926535897927 -1.835675707391683
 3.1415926535897927 -1.8110357650105866
 3.1415926535897927 -1.78639582262949
 3.1415926535897927 -1.7617558802483937
 3.1415926535897927 -1.7371159378672973
 3.1415926535897927 -1.712475995486201
 3.1415926535897927 -1.6878360531051047
 3.1415926535897927 -1.6631961107240083
 3.1415926535897927 -1.6385561683429117
 3.1415926535897927 -1.6139162259618154
 3.1415926535897927 -1.5892762835807188
 3.1415926535897927 -1.5646363411996225
 3.1415926535897927 -1.5399963988185261
 3.1415926535897927 -1.5153564564374296
 3.1415926535897927 -1.4907165140563332
 3.1415926535897927 -1.4660765716752366
 3.1415926535897927 -1.4414366292941403
 3.1415926535897927 -1.416796686913044
 3.1415926535897927 -1.3921567445319474
 3.1415926535897927 -1.367516802150851
 3.1415926535897927 -1.3428768597697547
 3.1415926535897927 -1.3182369173886583
 3.1415926535897927 -1.293596975007562
 3.1415926535897927 -1.2689570326264656
 3.1415926535897927 -1.244317090245369
 3.1415926535897927 -1.2196771478642727
 3.1415926535897927 -1.1950372054831762
 3.1415926535897927 -1.1703972631020798
 3.1415926535897927 -1.1457573207209835
 3.1415926535897927 -1.1211173783398873
 3.1415926535897927 -1.0964774359587905
 3.1415926535897927 -1.0718374935776942
 3.1415926535897927 -1.0471975511965979
 3.1415926535897927 -1.0225576088155015
 3.1415926535897927 -0.9979176664344052
 3.1415926535897927 -0.9732777240533088
 3.1415926535897927 -0.948637781672212
 3.1415926535897927 -0.9239978392911157
 3.1415926535897927 -0.8993578969100193
 3.1415926535897927 -0.874717954528923
 3.1415926535897927 -0.8500780121478266
 3.1415926535897927 -0.8254380697667298
 3.1415926535897927 -0.8007981273856335
 3.1415926535897927 -0.7761581850045371
 3.1415926535897927 -0.7515182426234408
 3.1415926535897927 -0.7268783002423445
 3.1415926535897927 -0.7022383578612477
 3.1415926535897927 -0.6775984154801513
 3.1415926535897927 -0.652958473099055
 3.1415926535897927 -0.6283185307179586
 3.1415926535897927 -0.6036785883368623
 3.1415926535897927 -0.5790386459557655
 3.1415926535897927 -0.5543987035746691
 3.1415926535897927 -0.5297587611935728
 3.1415926535897927 -0.5051188188124764
 3.1415926535897927 -0.4804788764313801
 3.1415926535897927 -0.45583893405028375
 3.1415926535897927 -0.43119899166918696
 3.1415926535897927 -0.4065590492880906
 3.1415926535897927 -0.38191910690699427
 3.1415926535897927 -0.3572791645258979
 3.1415926535897927 -0.33263922214480157
 3.1415926535897927 -0.3079992797637052
 3.1415926535897927 -0.2833593373826089
 3.1415926535897927 -0.25871939500151253
 3.1415926535897927 -0.23407945262041618
 3.1415926535897927 -0.20943951023931984
 3.1415926535897927 -0.1847995678582235
 3.1415926535897927 -0.1601596254771267
 3.1415926535897927 -0.13551968309603035
 3.1415926535897927 -0.110879740714934
 3.1415926535897927 -0.08623979833383766
 3.1415926535897927 -0.06159985595274131
 3.1415926535897927 -0.03695991357164452
 3.1415926535897927 -0.012319971190548173
 3.1415926535897927 0.012319971190548173
 3.1415926535897927 0.03695991357164452
 3.1415926535897927 0.06159985595274087
 3.1415926535897927 0.08623979833383766
 3.1415926535897927 0.110879740714934
 3.1415926535897927 0.13551968309603035
 3.1415926535897927 0.1601596254771267
 3.1415926535897927 0.18479956785822305
 3.1415926535897927 0.20943951023931984
 3.1415926535897927 0.23407945262041618
 3.1415926535897927 0.25871939500151253
 3.1415926535897927 0.2833593373826089
 3.1415926535897927 0.3079992797637052
 3.1415926535897927 0.33263922214480157
 3.1415926535897927 0.35727916452589836
 3.1415926535897927 0.3819191069069947
 3.1415926535897927 0.40655904928809106
 3.1415926535897927 0.4311989916691874
 3.1415926535897927 0.45583893405028375
 3.1415926535897927 0.4804788764313801
 3.1415926535897927 0.5051188188124764
 3.1415926535897927 0.5297587611935728
 3.1415926535897927 0.5543987035746691
 3.1415926535897927 0.5790386459557655
 3.1415926535897927 0.6036785883368618
 3.1415926535897927 0.6283185307179586
 3.1415926535897927 0.652958473099055
 3.1415926535897927 0.6775984154801513
 3.1415926535897927 0.7022383578612477
 3.1415926535897927 0.726878300242344
 3.1415926535897927 0.7515182426234408
 3.1415926535897927 0.7761581850045371
 3.1415926535897927 0.8007981273856335
 3.1415926535897927 0.8254380697667298
 3.1415926535897927 0.8500780121478262
 3.1415926535897927 0.874717954528923
 3.1415926535897927 0.8993578969100184
 3.1415926535897927 0.9239978392911148
 3.1415926535897927 0.948637781672212
 3.1415926535897927 0.9732777240533084
 3.1415926535897927 0.9979176664344047
 3.1415926535897927 1.022557608815501
 3.1415926535897927 1.0471975511965974
 3.1415926535897927 1.0718374935776938
 3.1415926535897927 1.09647743595879
 3.1415926535897927 1.1211173783398865
 3.1415926535897927 1.1457573207209828
 3.1415926535897927 1.1703972631020791
 3.1415926535897927 1.1950372054831755
 3.1415926535897927 1.2196771478642727
 3.1415926535897927 1.244317090245369
 3.1415926535897927 1.2689570326264654
 3.1415926535897927 1.2935969750075618
 3.1415926535897927 1.3182369173886581
 3.1415926535897927 1.3428768597697545
 3.1415926535897927 1.3675168021508508
 3.1415926535897927 1.3921567445319472
 3.1415926535897927 1.4167966869130435
 3.1415926535897927 1.4414366292941398
 3.1415926535897927 1.466076571675237
 3.1415926535897927 1.4907165140563334
 3.1415926535897927 1.5153564564374298
 3.1415926535897927 1.5399963988185261
 3.1415926535897927 1.5646363411996225
 3.1415926535897927 1.5892762835807188
 3.1415926535897927 1.6139162259618152
 3.1415926535897927 1.6385561683429115
 3.1415926535897927 1.6631961107240079
 3.1415926535897927 1.6878360531051042
 3.1415926535897927 1.7124759954862006
 3.1415926535897927 1.7371159378672978
 3.1415926535897927 1.7617558802483941
 3.1415926535897927 1.7863958226294905
 3.1415926535897927 1.8110357650105868
 3.1415926535897927 1.8356757073916832
 3.1415926535897927 1.8603156497727795
 3.1415926535897927 1.8849555921538759
 3.1415926535897927 1.9095955345349722
 3.1415926535897927 1.9342354769160686
 3.1415926535897927 1.958875419297165
 3.1415926535897927 1.9835153616782621
 3.1415926535897927 2.0081553040593585
 3.1415926535897927 2.032795246440455
 3.1415926535897927 2.057435188821551
 3.1415926535897927 2.0820751312026475
 3.1415926535897927 2.106715073583744
 3.1415926535897927 2.1313550159648402
 3.1415926535897927 2.1559949583459366
 3.1415926535897927 2.180634900727033
 3.1415926535897927 2.2052748431081293
 3.1415926535897927 2.2299147854892256
 3.1415926535897927 2.254554727870323
 3.1415926535897927 2.279194670251419
 3.1415926535897927 2.3038346126325155
 3.1415926535897927 2.328474555013612
 3.1415926535897927 2.3531144973947082
 3.1415926535897927 2.3777544397758046
 3.1415926535897927 2.402394382156901
 3.1415926535897927 2.4270343245379973
 3.1415926535897927 2.4516742669190936
 3.1415926535897927 2.47631420930019
 3.1415926535897927 2.5009541516812854
 3.1415926535897927 2.5255940940623827
 3.1415926535897927 2.550234036443479
 3.1415926535897927 2.5748739788245754
 3.1415926535897927 2.5995139212056717
 3.1415926535897927 2.624153863586768
 3.1415926535897927 2.6487938059678644
 3.1415926535897927 2.6734337483489607
 3.1415926535897927 2.698073690730057
 3.1415926535897927 2.7227136331111534
 3.1415926535897927 2.74735357549225
 3.1415926535897927 2.771993517873346
 3.1415926535897927 2.7966334602544434
 3.1415926535897927 2.8212734026355397
 3.1415926535897927 2.845913345016636
 3.1415926535897927 2.8705532873977324
 3.1415926535897927 2.8951932297788288
 3.1415926535897927 2.919833172159925
 3.1415926535897927 2.9444731145410215
 3.1415926535897927 2.969113056922118
 3.1415926535897927 2.993752999303214
 3.1415926535897927 3.0183929416843105
 3.1415926535897927 3.0430328840654077
 3.1415926535897927 3.067672826446504
 3.1415926535897927 3.0923127688276004
 3.1415926535897927 3.1169527112086968
 3.1415926535897927 3.141592653589793
